b <- c(1,2,3,4)
v <- c(2,3,4,5)
d = b + v

d
